{
 "metadata": {
  "name": ""
 },
 "nbformat": 3,
 "nbformat_minor": 0,
 "worksheets": [
  {
   "cells": [
    {
     "cell_type": "code",
     "collapsed": false,
     "input": [
      "%reset"
     ],
     "language": "python",
     "metadata": {},
     "outputs": [
      {
       "name": "stdout",
       "output_type": "stream",
       "stream": "stdout",
       "text": [
        "Once deleted, variables cannot be recovered. Proceed (y/[n])? y\n"
       ]
      }
     ],
     "prompt_number": 4
    },
    {
     "cell_type": "code",
     "collapsed": false,
     "input": [
      "import logging\n",
      "import numba\n",
      "numba.codegen.debug.logger.setLevel(logging.INFO) # numba logging bug http://stackoverflow.com/questions/19112584/huge-errors-trying-numba\n",
      "import numpy as np\n"
     ],
     "language": "python",
     "metadata": {},
     "outputs": [],
     "prompt_number": 5
    },
    {
     "cell_type": "code",
     "collapsed": false,
     "input": [
      "\n",
      "@numba.jit('double(double[:])') #jit call without type indications will give an error\n",
      "def lse_numba(a):\n",
      "    result = 0.0\n",
      "    largest_in_a = 0.0\n",
      "    for i in range(a.shape[0]): # numba is slow when using max or np.max, so re-implementing\n",
      "        if (a[i] > largest_in_a):\n",
      "            largest_in_a = a[i]\n",
      "    for i in range(a.shape[0]):\n",
      "        result += np.exp(a[i] - largest_in_a)\n",
      "    return np.log(result) + largest_in_a\n",
      "\n",
      "import numpy as np\n",
      "a = np.linspace(0,1,20000)\n",
      "print(lse_numba(a))\n",
      "%timeit lse_numba(a) # 290 \u00b5s"
     ],
     "language": "python",
     "metadata": {},
     "outputs": [
      {
       "output_type": "stream",
       "stream": "stdout",
       "text": [
        "10.4448165062\n",
        "1000 loops, best of 3: 418 \u00b5s per loop"
       ]
      },
      {
       "output_type": "stream",
       "stream": "stdout",
       "text": [
        "\n"
       ]
      }
     ],
     "prompt_number": 114
    },
    {
     "cell_type": "heading",
     "level": 1,
     "metadata": {},
     "source": [
      "log-sum-exp version correct"
     ]
    },
    {
     "cell_type": "code",
     "collapsed": false,
     "input": [
      "import numpy as np\n",
      "import numpy.testing\n",
      "import scipy.misc\n",
      "import numba\n",
      "\n",
      "@numba.jit('double(double[:,:], double[:,:], int32, int32)')\n",
      "def forwards_algo_logZ(log_edge_pot, #'(t-1,t)', \n",
      "                  log_node_pot, # '(t, label)', \n",
      "                  T, \n",
      "                  nLabels): # -> 'logZ':\n",
      "    \"\"\" to obtain Z \n",
      "    - log_edge_pot = bold \\psi in MLAPP (17.48)\n",
      "    - log_node_pot[t,j] = \\psi_t(y_t = j)\n",
      "    \n",
      "    wrt MLAPP, I also note the evidence X, and I note the labels Y (MLAPP notes Z)\n",
      "    \"\"\"\n",
      "    log_alpha = np.empty((T, nLabels))\n",
      "    log_kappa = np.empty((T))\n",
      "    log_alpha[0,:] = log_node_pot[0,:]\n",
      "    log_kappa[0] = scipy.misc.logsumexp(log_alpha[0,:])\n",
      "    log_alpha[0,:] -= log_kappa[0]\n",
      "    for t in range(1,T):\n",
      "        log_alpha[t,:] = (log_node_pot[t,:]\n",
      "                          + scipy.misc.logsumexp(log_edge_pot\n",
      "                                                 + np.tile(log_alpha[t-1,:], (nLabels,1)).T,\n",
      "                                                 axis=0)\n",
      "                          )\n",
      "        log_kappa[t] = scipy.misc.logsumexp(log_alpha[t,:])\n",
      "        log_alpha[t,:] -= log_kappa[t]\n",
      "    #print(alpha, Z)\n",
      "    return log_kappa.sum()\n",
      "\n",
      "def forwards_algo_log_alpha(log_edge_pot, #'(t-1,t)', \n",
      "                  log_node_pot, # '(t, label)', \n",
      "                  T, \n",
      "                  nLabels): # -> 'log alpha':\n",
      "    \"\"\" to obtain Z \n",
      "    - log_edge_pot = bold \\psi in MLAPP (17.48)\n",
      "    - log_node_pot[t,j] = \\psi_t(y_t = j)\n",
      "    \n",
      "    wrt MLAPP, I also note the evidence X, and I note the labels Y (MLAPP notes Z)\n",
      "    \"\"\"\n",
      "    log_alpha = np.empty((T, nLabels))\n",
      "    log_kappa = np.empty((T))\n",
      "    log_alpha[0,:] = log_node_pot[0,:]\n",
      "    log_kappa[0] = scipy.misc.logsumexp(log_alpha[0,:])\n",
      "    log_alpha[0,:] -= log_kappa[0]\n",
      "    for t in range(1,T):\n",
      "        log_alpha[t,:] = (log_node_pot[t,:]\n",
      "                          + scipy.misc.logsumexp(log_edge_pot\n",
      "                                                 + np.tile(log_alpha[t-1,:], (nLabels,1)).T,\n",
      "                                                 axis=0)\n",
      "                          )\n",
      "        log_kappa[t] = scipy.misc.logsumexp(log_alpha[t,:])\n",
      "        log_alpha[t,:] -= log_kappa[t]\n",
      "    #print(alpha, Z)\n",
      "    return log_alpha\n",
      "\n",
      "#@numba.jit('double[:,:](double[:,:], double[:,:], int32, int32)')\n",
      "def forwards_backwards_algo_log_gamma(log_edge_pot, log_node_pot, T, nLabels):\n",
      "    \"\"\" to obtain the (smoothed) posterior marginals p(y_t = j | X_1:T) = gamma_t(j) \"\"\"\n",
      "    edge_pot = np.exp(log_edge_pot)\n",
      "    node_pot = np.exp(log_node_pot)\n",
      "\n",
      "    log_alpha = forwards_algo_log_alpha(log_edge_pot, log_node_pot, T, nLabels)\n",
      "    log_beta = np.empty((T, nLabels))\n",
      "    log_kappa = np.empty((T))\n",
      "    \n",
      "    log_beta[-1,:] = np.zeros((nLabels))\n",
      "    log_kappa[-1] = scipy.misc.logsumexp(log_beta[-1,:])\n",
      "    #log_beta[-1,:] -= log_kappa[-1]\n",
      "    for t in range(1,T):\n",
      "        tmp = np.tile(log_node_pot[-t,:], (nLabels,1)) + log_edge_pot \n",
      "        tmp2 = np.tile(log_beta[-t,:], (nLabels,1))\n",
      "        log_beta[-1-t,:] = scipy.misc.logsumexp(tmp+tmp2, axis=1)\n",
      "        log_kappa[-1-t] = scipy.misc.logsumexp(log_beta[-1-t,:])\n",
      "        log_beta[-1-t,:] -= log_kappa[-1-t]\n",
      "    \n",
      "    result = log_alpha + log_beta\n",
      "    result -= np.tile(scipy.misc.logsumexp(result, axis=1), (nLabels, 1)).T\n",
      "    return result #return gamma MLAPP (17.52)\n",
      "\n",
      "if __name__ == \"__main__\":\n",
      "    nLabels = 5\n",
      "    T = 10\n",
      "    log_edge_pot = np.linspace(0,1,nLabels**2).reshape((nLabels, nLabels))\n",
      "    log_node_pot = np.linspace(0,1,T*nLabels).reshape((T,nLabels))\n",
      "    log_alpha = forwards_algo_log_alpha(log_edge_pot, log_node_pot, T, nLabels)\n",
      "    logZ = forwards_algo_logZ(log_edge_pot, log_node_pot, T, nLabels)\n",
      "    numpy.testing.assert_almost_equal(logZ, 26.2259282913)\n",
      "    numpy.testing.assert_allclose(np.exp(log_alpha), np.asarray([[0.19192114498591317, 0.19587814324248543, 0.1999167262311812, 0.20403857605244238, 0.20824540948797787], [0.17597072294171517, 0.18724023363428538, 0.19923146592421478, 0.2119906402800139, 0.2255669372197709], [0.17597072294171512, 0.18724023363428535, 0.19923146592421476, 0.21199064028001394, 0.2255669372197708], [0.17597072294171512, 0.18724023363428532, 0.1992314659242147, 0.21199064028001388, 0.2255669372197708], [0.17597072294171512, 0.1872402336342853, 0.19923146592421478, 0.21199064028001394, 0.22556693721977084], [0.17597072294171515, 0.18724023363428532, 0.19923146592421473, 0.2119906402800139, 0.22556693721977078], [0.17597072294171517, 0.18724023363428535, 0.19923146592421478, 0.21199064028001394, 0.22556693721977086], [0.17597072294171517, 0.18724023363428535, 0.19923146592421478, 0.21199064028001394, 0.22556693721977086], [0.17597072294171517, 0.18724023363428535, 0.19923146592421478, 0.211990640280014, 0.22556693721977084], [0.17597072294171515, 0.18724023363428535, 0.19923146592421478, 0.21199064028001396, 0.22556693721977084]]))\n",
      "    log_gamma  = forwards_backwards_algo_log_gamma(log_edge_pot, log_node_pot, T, nLabels)\n",
      "    numpy.testing.assert_allclose(np.exp(log_gamma), np.asarray([[0.12019228330470735, 0.15108374985191603, 0.18991485011935327, 0.2387262053742242, 0.30008291134979903], [0.10836512880009895, 0.14201241885202187, 0.18610716686735188, 0.24389330059565587, 0.3196219848848714], [0.10836512880009894, 0.14201241885202187, 0.18610716686735188, 0.24389330059565598, 0.3196219848848713], [0.10836512880009896, 0.14201241885202187, 0.18610716686735185, 0.24389330059565598, 0.3196219848848714], [0.10836512880009894, 0.14201241885202184, 0.1861071668673519, 0.24389330059565592, 0.3196219848848713], [0.10836512880009896, 0.14201241885202193, 0.18610716686735193, 0.2438933005956559, 0.3196219848848713], [0.10836512880009895, 0.14201241885202184, 0.18610716686735188, 0.2438933005956559, 0.31962198488487137], [0.10836512880009895, 0.14201241885202187, 0.1861071668673519, 0.2438933005956559, 0.3196219848848714], [0.10836512880009895, 0.14201241885202187, 0.1861071668673519, 0.24389330059565592, 0.3196219848848713], [0.17597072294171515, 0.18724023363428535, 0.19923146592421478, 0.21199064028001396, 0.22556693721977084]]))\n",
      "    numpy.testing.assert_almost_equal(logZ, 26.2259282913)\n",
      "    numpy.testing.assert_allclose(np.exp(log_gamma).sum(axis=1), np.ones((T,)))"
     ],
     "language": "python",
     "metadata": {},
     "outputs": [],
     "prompt_number": 117
    },
    {
     "cell_type": "heading",
     "level": 1,
     "metadata": {},
     "source": [
      "jit v1"
     ]
    },
    {
     "cell_type": "code",
     "collapsed": false,
     "input": [
      "import logging\n",
      "import numba\n",
      "numba.codegen.debug.logger.setLevel(logging.INFO) # numba logging bug http://stackoverflow.com/questions/19112584/huge-errors-trying-numba\n",
      "import numpy as np\n",
      "\n",
      "import numpy as np\n",
      "import numpy.testing\n",
      "import scipy.misc\n",
      "import numba\n",
      "\n",
      "@numba.jit('double[:,:](double[:,:], double[:,:], int32, int32)')\n",
      "def forwards_algo_log_alpha(log_edge_pot, #'(t-1,t)', \n",
      "                  log_node_pot, # '(t, label)', \n",
      "                  T, \n",
      "                  nLabels): \n",
      "    log_alpha = np.empty((T, nLabels))\n",
      "    log_kappa = np.empty((T))\n",
      "    log_alpha[0,:] = log_node_pot[0,:]\n",
      "    log_kappa[0] = scipy.misc.logsumexp(log_alpha[0,:])\n",
      "    log_alpha[0,:] -= log_kappa[0]\n",
      "    for t in range(1,T):\n",
      "        log_alpha[t,:] = (log_node_pot[t,:]\n",
      "                          + scipy.misc.logsumexp(log_edge_pot\n",
      "                                                 + np.tile(log_alpha[t-1,:], (nLabels,1)).T,\n",
      "                                                 axis=0)\n",
      "                          )\n",
      "        log_kappa[t] = scipy.misc.logsumexp(log_alpha[t,:])\n",
      "        log_alpha[t,:] -= log_kappa[t]\n",
      "    #print(alpha, Z)\n",
      "    return log_alpha\n",
      "\n",
      "@numba.jit('double[:,:](double[:,:], double[:,:], int32, int32)')\n",
      "def forwards_backwards_algo_log_gamma(log_edge_pot, log_node_pot, T, nLabels):\n",
      "    log_alpha = forwards_algo_log_alpha(log_edge_pot, log_node_pot, T, nLabels)\n",
      "    log_beta = np.zeros((T, nLabels))\n",
      "    log_kappa = np.zeros(T) # np.empty((T))\n",
      "    \n",
      "    #log_beta[T-1,:] = np.zeros((nLabels)) # numba cannot coerce\n",
      "    log_kappa[T-1] = scipy.misc.logsumexp(log_beta[-1,:])\n",
      "    #log_beta[-1,:] -= log_kappa[-1] # not necessary\n",
      "    for t in range(1,T):\n",
      "        tmp = np.tile(log_node_pot[T-t,:], (nLabels,1)) + log_edge_pot \n",
      "        tmp2 = np.tile(log_beta[T-t,:], (nLabels,1))\n",
      "        log_beta[T-1-t,:] = scipy.misc.logsumexp(tmp+tmp2, axis=1)\n",
      "        log_kappa[T-1-t] = scipy.misc.logsumexp(log_beta[T-1-t,:])\n",
      "        log_beta[T-1-t,:] -= log_kappa[T-1-t]\n",
      "    \n",
      "    result = log_alpha + log_beta\n",
      "    result -= np.tile(scipy.misc.logsumexp(result, axis=1), (nLabels, 1)).T\n",
      "    return result #return gamma MLAPP (17.52)\n",
      "\n",
      "if __name__ == \"__main__\":\n",
      "    nLabels = 5\n",
      "    T = 10\n",
      "    log_edge_pot = np.linspace(0,1,nLabels**2).reshape((nLabels, nLabels))\n",
      "    log_node_pot = np.linspace(0,1,T*nLabels).reshape((T,nLabels))\n",
      "    log_alpha = forwards_algo_log_alpha(log_edge_pot, log_node_pot, T, nLabels)\n",
      "    numpy.testing.assert_allclose(np.exp(log_alpha), np.asarray([[0.19192114498591317, 0.19587814324248543, 0.1999167262311812, 0.20403857605244238, 0.20824540948797787], [0.17597072294171517, 0.18724023363428538, 0.19923146592421478, 0.2119906402800139, 0.2255669372197709], [0.17597072294171512, 0.18724023363428535, 0.19923146592421476, 0.21199064028001394, 0.2255669372197708], [0.17597072294171512, 0.18724023363428532, 0.1992314659242147, 0.21199064028001388, 0.2255669372197708], [0.17597072294171512, 0.1872402336342853, 0.19923146592421478, 0.21199064028001394, 0.22556693721977084], [0.17597072294171515, 0.18724023363428532, 0.19923146592421473, 0.2119906402800139, 0.22556693721977078], [0.17597072294171517, 0.18724023363428535, 0.19923146592421478, 0.21199064028001394, 0.22556693721977086], [0.17597072294171517, 0.18724023363428535, 0.19923146592421478, 0.21199064028001394, 0.22556693721977086], [0.17597072294171517, 0.18724023363428535, 0.19923146592421478, 0.211990640280014, 0.22556693721977084], [0.17597072294171515, 0.18724023363428535, 0.19923146592421478, 0.21199064028001396, 0.22556693721977084]]))\n",
      "    log_gamma  = forwards_backwards_algo_log_gamma(log_edge_pot, log_node_pot, T, nLabels)\n",
      "    numpy.testing.assert_allclose(np.exp(log_gamma), np.asarray([[0.12019228330470735, 0.15108374985191603, 0.18991485011935327, 0.2387262053742242, 0.30008291134979903], [0.10836512880009895, 0.14201241885202187, 0.18610716686735188, 0.24389330059565587, 0.3196219848848714], [0.10836512880009894, 0.14201241885202187, 0.18610716686735188, 0.24389330059565598, 0.3196219848848713], [0.10836512880009896, 0.14201241885202187, 0.18610716686735185, 0.24389330059565598, 0.3196219848848714], [0.10836512880009894, 0.14201241885202184, 0.1861071668673519, 0.24389330059565592, 0.3196219848848713], [0.10836512880009896, 0.14201241885202193, 0.18610716686735193, 0.2438933005956559, 0.3196219848848713], [0.10836512880009895, 0.14201241885202184, 0.18610716686735188, 0.2438933005956559, 0.31962198488487137], [0.10836512880009895, 0.14201241885202187, 0.1861071668673519, 0.2438933005956559, 0.3196219848848714], [0.10836512880009895, 0.14201241885202187, 0.1861071668673519, 0.24389330059565592, 0.3196219848848713], [0.17597072294171515, 0.18724023363428535, 0.19923146592421478, 0.21199064028001396, 0.22556693721977084]]))\n",
      "    numpy.testing.assert_allclose(np.exp(log_gamma).sum(axis=1), np.ones((T,)))"
     ],
     "language": "python",
     "metadata": {},
     "outputs": [],
     "prompt_number": 1
    },
    {
     "cell_type": "code",
     "collapsed": false,
     "input": [
      "%timeit forwards_backwards_algo_log_gamma(log_edge_pot, log_node_pot, T, nLabels)"
     ],
     "language": "python",
     "metadata": {},
     "outputs": [
      {
       "output_type": "stream",
       "stream": "stdout",
       "text": [
        "1000 loops, best of 3: 1.31 ms per loop\n"
       ]
      }
     ],
     "prompt_number": 5
    },
    {
     "cell_type": "heading",
     "level": 1,
     "metadata": {},
     "source": [
      "jit v2"
     ]
    },
    {
     "cell_type": "code",
     "collapsed": false,
     "input": [
      "@numba.jit('double(double[:])') #jit call without type indications will give an error\n",
      "def lse_numba(a):\n",
      "    result = 0.0\n",
      "    largest_in_a = 0.0\n",
      "    for i in range(a.shape[0]): # numba is slow when using max or np.max, so re-implementing\n",
      "        if (a[i] > largest_in_a):\n",
      "            largest_in_a = a[i]\n",
      "    for i in range(a.shape[0]):\n",
      "        result += np.exp(a[i] - largest_in_a)\n",
      "    return np.log(result) + largest_in_a\n",
      "\n",
      "@numba.jit('double[:](double[:,:])') #jit call without type indications will give an error\n",
      "def lse_numba_axis_1(a):\n",
      "    result = np.empty((a.shape[0]))\n",
      "    for r in range(a.shape[0]):\n",
      "        result[r] = lse_numba(a[r,:])\n",
      "    return result"
     ],
     "language": "python",
     "metadata": {},
     "outputs": [],
     "prompt_number": 2
    },
    {
     "cell_type": "code",
     "collapsed": false,
     "input": [
      "import logging\n",
      "import numba\n",
      "numba.codegen.debug.logger.setLevel(logging.INFO) # numba logging bug http://stackoverflow.com/questions/19112584/huge-errors-trying-numba\n",
      "import numpy as np\n",
      "\n",
      "import numpy as np\n",
      "import numpy.testing\n",
      "import scipy.misc\n",
      "import numba\n",
      "\n",
      "@numba.jit('double[:,:](double[:,:], double[:,:], int32, int32)') #it makes a diff (FB 3 ms vs .5ms) if lse is jitted or not -- i thought all the called functions get jitted anyways? maybe thats just wrong then.\n",
      "def forwards_algo_log_alpha(log_edge_pot, #'(t-1,t)', \n",
      "                  log_node_pot, # '(t, label)', \n",
      "                  T, \n",
      "                  nLabels): \n",
      "    log_alpha = np.empty((T, nLabels))\n",
      "    log_kappa = np.empty((T))\n",
      "    log_alpha[0,:] = log_node_pot[0,:]\n",
      "    log_kappa[0] = lse_numba(log_alpha[0,:])\n",
      "    log_alpha[0,:] -= log_kappa[0]\n",
      "    for t in range(1,T):\n",
      "        tmp = log_edge_pot.T + np.tile(log_alpha[t-1,:], (nLabels,1)) # if not using temp var, numba will have broadcast error: ValueError: operands could not be broadcast together with shapes (5,5) (25,8)\n",
      "        log_alpha[t,:] = (log_node_pot[t,:]\n",
      "                          + lse_numba_axis_1(tmp)\n",
      "                          )\n",
      "        log_kappa[t] = lse_numba(log_alpha[t,:])\n",
      "        log_alpha[t,:] -= log_kappa[t]\n",
      "    #print(alpha, Z)\n",
      "    return log_alpha\n",
      "\n",
      "@numba.jit('double[:,:](double[:,:], double[:,:], int32, int32)')\n",
      "def forwards_backwards_algo_log_gamma(log_edge_pot, log_node_pot, T, nLabels):\n",
      "    log_alpha = forwards_algo_log_alpha(log_edge_pot, log_node_pot, T, nLabels)\n",
      "    log_beta = np.zeros((T, nLabels))\n",
      "    log_kappa = np.zeros(T) # np.empty((T))\n",
      "    \n",
      "    #log_beta[T-1,:] = np.zeros((nLabels)) # numba cannot coerce\n",
      "    log_kappa[T-1] = lse_numba(log_beta[-1,:])\n",
      "    #log_beta[-1,:] -= log_kappa[-1] # not necessary\n",
      "    for t in range(1,T):\n",
      "        tmp = np.tile(log_node_pot[T-t,:], (nLabels,1)) + log_edge_pot \n",
      "        tmp2 = np.tile(log_beta[T-t,:], (nLabels,1))\n",
      "        log_beta[T-1-t,:] = lse_numba_axis_1(tmp+tmp2)\n",
      "        log_kappa[T-1-t] = lse_numba(log_beta[T-1-t,:])\n",
      "        log_beta[T-1-t,:] -= log_kappa[T-1-t]\n",
      "    \n",
      "    result = log_alpha + log_beta\n",
      "    result -= np.tile(lse_numba_axis_1(result), (nLabels, 1)).T\n",
      "    return result #return gamma MLAPP (17.52)\n",
      "\n",
      "if __name__ == \"__main__\":\n",
      "    nLabels = 5\n",
      "    T = 10\n",
      "    log_edge_pot = np.linspace(0,1,nLabels**2).reshape((nLabels, nLabels))\n",
      "    log_node_pot = np.linspace(0,1,T*nLabels).reshape((T,nLabels))\n",
      "    log_alpha = forwards_algo_log_alpha(log_edge_pot, log_node_pot, T, nLabels)\n",
      "    numpy.testing.assert_allclose(np.exp(log_alpha), np.asarray([[0.19192114498591317, 0.19587814324248543, 0.1999167262311812, 0.20403857605244238, 0.20824540948797787], [0.17597072294171517, 0.18724023363428538, 0.19923146592421478, 0.2119906402800139, 0.2255669372197709], [0.17597072294171512, 0.18724023363428535, 0.19923146592421476, 0.21199064028001394, 0.2255669372197708], [0.17597072294171512, 0.18724023363428532, 0.1992314659242147, 0.21199064028001388, 0.2255669372197708], [0.17597072294171512, 0.1872402336342853, 0.19923146592421478, 0.21199064028001394, 0.22556693721977084], [0.17597072294171515, 0.18724023363428532, 0.19923146592421473, 0.2119906402800139, 0.22556693721977078], [0.17597072294171517, 0.18724023363428535, 0.19923146592421478, 0.21199064028001394, 0.22556693721977086], [0.17597072294171517, 0.18724023363428535, 0.19923146592421478, 0.21199064028001394, 0.22556693721977086], [0.17597072294171517, 0.18724023363428535, 0.19923146592421478, 0.211990640280014, 0.22556693721977084], [0.17597072294171515, 0.18724023363428535, 0.19923146592421478, 0.21199064028001396, 0.22556693721977084]]))\n",
      "    log_gamma  = forwards_backwards_algo_log_gamma(log_edge_pot, log_node_pot, T, nLabels)\n",
      "    numpy.testing.assert_allclose(np.exp(log_gamma), np.asarray([[0.12019228330470735, 0.15108374985191603, 0.18991485011935327, 0.2387262053742242, 0.30008291134979903], [0.10836512880009895, 0.14201241885202187, 0.18610716686735188, 0.24389330059565587, 0.3196219848848714], [0.10836512880009894, 0.14201241885202187, 0.18610716686735188, 0.24389330059565598, 0.3196219848848713], [0.10836512880009896, 0.14201241885202187, 0.18610716686735185, 0.24389330059565598, 0.3196219848848714], [0.10836512880009894, 0.14201241885202184, 0.1861071668673519, 0.24389330059565592, 0.3196219848848713], [0.10836512880009896, 0.14201241885202193, 0.18610716686735193, 0.2438933005956559, 0.3196219848848713], [0.10836512880009895, 0.14201241885202184, 0.18610716686735188, 0.2438933005956559, 0.31962198488487137], [0.10836512880009895, 0.14201241885202187, 0.1861071668673519, 0.2438933005956559, 0.3196219848848714], [0.10836512880009895, 0.14201241885202187, 0.1861071668673519, 0.24389330059565592, 0.3196219848848713], [0.17597072294171515, 0.18724023363428535, 0.19923146592421478, 0.21199064028001396, 0.22556693721977084]]))\n",
      "    numpy.testing.assert_allclose(np.exp(log_gamma).sum(axis=1), np.ones((T,)))\n",
      "    %timeit forwards_backwards_algo_log_gamma(log_edge_pot, log_node_pot, T, nLabels)"
     ],
     "language": "python",
     "metadata": {},
     "outputs": [
      {
       "output_type": "stream",
       "stream": "stdout",
       "text": [
        "1000 loops, best of 3: 418 \u00b5s per loop"
       ]
      },
      {
       "output_type": "stream",
       "stream": "stdout",
       "text": [
        "\n"
       ]
      }
     ],
     "prompt_number": 3
    },
    {
     "cell_type": "heading",
     "level": 1,
     "metadata": {},
     "source": [
      "jit v3"
     ]
    },
    {
     "cell_type": "code",
     "collapsed": false,
     "input": [
      "# breaks\n",
      "    result = np.empty((a.shape[0]))\n",
      "    \n",
      "    for r in range(a.shape[0]):\n",
      "        temp = a[r,:]\n",
      "        for c in range(v.shape[0]):\n",
      "            temp[c] = temp[c] + v[c]\n",
      "        result[r] = lse_numba(temp)"
     ],
     "language": "python",
     "metadata": {},
     "outputs": []
    },
    {
     "cell_type": "code",
     "collapsed": false,
     "input": [
      "import logging\n",
      "import numba\n",
      "numba.codegen.debug.logger.setLevel(logging.INFO) # numba logging bug http://stackoverflow.com/questions/19112584/huge-errors-trying-numba\n",
      "import numpy as np\n",
      "import numpy.testing\n",
      "\n",
      "@numba.jit('double(double[:])') #jit call without type indications will give an error\n",
      "def lse_numba(a):\n",
      "    result = 0.0\n",
      "    largest_in_a = 0.0\n",
      "    for i in range(a.shape[0]): # numba is slow when using max or np.max, so re-implementing\n",
      "        if (a[i] > largest_in_a):\n",
      "            largest_in_a = a[i]\n",
      "    for i in range(a.shape[0]):\n",
      "        result += np.exp(a[i] - largest_in_a)\n",
      "    return np.log(result) + largest_in_a\n",
      "\n",
      "@numba.jit('double[:](double[:,:])') \n",
      "def lse_numba_axis_1(a):\n",
      "    result = np.empty((a.shape[0]))\n",
      "    for r in range(a.shape[0]):\n",
      "        result[r] = lse_numba(a[r,:])\n",
      "    return result\n",
      "\n",
      "\n",
      "@numba.jit('double[:](double[:], double[:])')\n",
      "def sum_vec(a,b):\n",
      "    return a+b\n",
      "\n",
      "@numba.jit('double[:](double[:,:], double[:])') \n",
      "#@numba.autojit\n",
      "def lse_numba_axis_1_tile(a,v):\n",
      "    result = np.empty((a.shape[0]), dtype=np.float64)\n",
      "    \n",
      "    for r in range(a.shape[0]):\n",
      "        result[r] = lse_numba(sum_vec(a[r,:], v))\n",
      "    return result\n"
     ],
     "language": "python",
     "metadata": {},
     "outputs": [],
     "prompt_number": 14
    },
    {
     "cell_type": "code",
     "collapsed": false,
     "input": [
      "\n",
      "@numba.jit('double[:,:](double[:,:], double[:,:], int32, int32)')\n",
      "def forwards_algo_log_alpha(log_edge_pot, #'(t-1,t)', \n",
      "                  log_node_pot, # '(t, label)', \n",
      "                  T, \n",
      "                  nLabels): \n",
      "    log_alpha = np.empty((T, nLabels))\n",
      "    log_kappa = np.empty((T))\n",
      "    log_alpha[0,:] = log_node_pot[0,:]\n",
      "    log_kappa[0] = lse_numba(log_alpha[0,:])\n",
      "    log_alpha[0,:] -= log_kappa[0]\n",
      "    for t in range(1,T):\n",
      "        log_alpha[t,:] = log_node_pot[t,:] + lse_numba_axis_1_tile(log_edge_pot.T, log_alpha[t-1,:]) # lse_numba_axis_1_tile(temp2, temp1)\n",
      "        log_kappa[t] = lse_numba(log_alpha[t,:])\n",
      "        log_alpha[t,:] -= log_kappa[t]\n",
      "    return log_alpha\n",
      "\n",
      "@numba.jit('double[:,:](double[:,:], double[:,:], int32, int32)')\n",
      "def forwards_backwards_algo_log_gamma(log_edge_pot, log_node_pot, T, nLabels):\n",
      "    log_alpha = forwards_algo_log_alpha(log_edge_pot, log_node_pot, T, nLabels)\n",
      "    log_beta = np.zeros((T, nLabels))\n",
      "    log_kappa = np.empty((T))\n",
      "    \n",
      "    #log_beta[T-1,:] = np.zeros((nLabels)) # numba cannot coerce\n",
      "    log_kappa[T-1] = lse_numba(log_beta[-1,:])\n",
      "    #log_beta[-1,:] -= log_kappa[-1] # not necessary\n",
      "    for t in range(1,T):\n",
      "        temp = log_node_pot[T-t,:] + log_beta[T-t,:]\n",
      "#        log_beta[T-1-t,:] = lse_numba_axis_1_tile(log_edge_pot, log_node_pot[T-t,:] + log_beta[T-t,:]) # will crash if not using temp var\n",
      "        log_beta[T-1-t,:] = lse_numba_axis_1_tile(log_edge_pot, temp)\n",
      "        log_kappa[T-1-t] = lse_numba(log_beta[T-1-t,:])\n",
      "        log_beta[T-1-t,:] -= log_kappa[T-1-t]\n",
      "    \n",
      "    result = log_alpha + log_beta\n",
      "    temp = lse_numba_axis_1(result)\n",
      "    for c in range(nLabels):\n",
      "        result[:,c] -= temp\n",
      "    #result -= np.tile(lse_numba_axis_1(result), (nLabels, 1)).T\n",
      "    return result #return gamma MLAPP (17.52)\n",
      "\n",
      "if __name__ == \"__main__\":\n",
      "    nLabels = 5\n",
      "    T = 10\n",
      "    log_edge_pot = np.linspace(0,1,nLabels**2).reshape((nLabels, nLabels))\n",
      "    log_node_pot = np.linspace(0,1,T*nLabels).reshape((T,nLabels))\n",
      "    log_alpha = forwards_algo_log_alpha(log_edge_pot, log_node_pot, T, nLabels)\n",
      "    \n",
      "    numpy.testing.assert_allclose(np.exp(log_alpha), np.asarray([[0.19192114498591317, 0.19587814324248543, 0.1999167262311812, 0.20403857605244238, 0.20824540948797787], [0.17597072294171517, 0.18724023363428538, 0.19923146592421478, 0.2119906402800139, 0.2255669372197709], [0.17597072294171512, 0.18724023363428535, 0.19923146592421476, 0.21199064028001394, 0.2255669372197708], [0.17597072294171512, 0.18724023363428532, 0.1992314659242147, 0.21199064028001388, 0.2255669372197708], [0.17597072294171512, 0.1872402336342853, 0.19923146592421478, 0.21199064028001394, 0.22556693721977084], [0.17597072294171515, 0.18724023363428532, 0.19923146592421473, 0.2119906402800139, 0.22556693721977078], [0.17597072294171517, 0.18724023363428535, 0.19923146592421478, 0.21199064028001394, 0.22556693721977086], [0.17597072294171517, 0.18724023363428535, 0.19923146592421478, 0.21199064028001394, 0.22556693721977086], [0.17597072294171517, 0.18724023363428535, 0.19923146592421478, 0.211990640280014, 0.22556693721977084], [0.17597072294171515, 0.18724023363428535, 0.19923146592421478, 0.21199064028001396, 0.22556693721977084]]))\n",
      "    print('DONE =========================')\n",
      "    log_gamma  = forwards_backwards_algo_log_gamma(log_edge_pot, log_node_pot, T, nLabels)\n",
      "    numpy.testing.assert_allclose(np.exp(log_gamma), np.asarray([[0.12019228330470735, 0.15108374985191603, 0.18991485011935327, 0.2387262053742242, 0.30008291134979903], [0.10836512880009895, 0.14201241885202187, 0.18610716686735188, 0.24389330059565587, 0.3196219848848714], [0.10836512880009894, 0.14201241885202187, 0.18610716686735188, 0.24389330059565598, 0.3196219848848713], [0.10836512880009896, 0.14201241885202187, 0.18610716686735185, 0.24389330059565598, 0.3196219848848714], [0.10836512880009894, 0.14201241885202184, 0.1861071668673519, 0.24389330059565592, 0.3196219848848713], [0.10836512880009896, 0.14201241885202193, 0.18610716686735193, 0.2438933005956559, 0.3196219848848713], [0.10836512880009895, 0.14201241885202184, 0.18610716686735188, 0.2438933005956559, 0.31962198488487137], [0.10836512880009895, 0.14201241885202187, 0.1861071668673519, 0.2438933005956559, 0.3196219848848714], [0.10836512880009895, 0.14201241885202187, 0.1861071668673519, 0.24389330059565592, 0.3196219848848713], [0.17597072294171515, 0.18724023363428535, 0.19923146592421478, 0.21199064028001396, 0.22556693721977084]]))\n",
      "    numpy.testing.assert_allclose(np.exp(log_gamma).sum(axis=1), np.ones((T,)))\n",
      "    %timeit forwards_backwards_algo_log_gamma(log_edge_pot, log_node_pot, T, nLabels)"
     ],
     "language": "python",
     "metadata": {},
     "outputs": [
      {
       "output_type": "stream",
       "stream": "stdout",
       "text": [
        "DONE =========================\n",
        "10000 loops, best of 3: 122 \u00b5s per loop"
       ]
      },
      {
       "output_type": "stream",
       "stream": "stdout",
       "text": [
        "\n"
       ]
      }
     ],
     "prompt_number": 19
    },
    {
     "cell_type": "heading",
     "level": 1,
     "metadata": {},
     "source": [
      "v4"
     ]
    },
    {
     "cell_type": "code",
     "collapsed": false,
     "input": [
      "import numba\n",
      "import numpy as np\n",
      "import numpy.testing\n",
      "\n",
      "@numba.jit('double(double[:])', nopython=True) #jit call without type indications will give an error\n",
      "def lse_numba(a):\n",
      "    result = 0.0\n",
      "    largest_in_a = 0.0\n",
      "    for i in range(a.shape[0]): # numba is slow when using max or np.max, so re-implementing\n",
      "        if (a[i] > largest_in_a):\n",
      "            largest_in_a = a[i]\n",
      "    for i in range(a.shape[0]):\n",
      "        result += np.exp(a[i] - largest_in_a)\n",
      "    return np.log(result) + largest_in_a\n",
      "\n",
      "@numba.jit('double[:](double[:,:])') \n",
      "def lse_numba_axis_1(a):\n",
      "    result = np.empty((a.shape[0]))\n",
      "    for r in range(a.shape[0]):\n",
      "        result[r] = lse_numba(a[r,:])\n",
      "    return result\n",
      "\n",
      "\n",
      "@numba.jit('double[:](double[:], double[:])')\n",
      "def sum_vec(a,b):\n",
      "    return a+b # cannot use nopython cos this means allocating new memory\n",
      "\n",
      "@numba.jit('double[:](double[:,::1], double[:])')\n",
      "def lse_numba_axis_1_tile(a,v):\n",
      "    result = np.empty((a.shape[0]))\n",
      "    for r in range(a.shape[0]):\n",
      "        result[r] = lse_numba(sum_vec(a[r,:], v))\n",
      "    return result\n"
     ],
     "language": "python",
     "metadata": {},
     "outputs": [],
     "prompt_number": 15
    },
    {
     "cell_type": "code",
     "collapsed": false,
     "input": [
      "\n",
      "@numba.jit('double[:,::1](double[:,::1], double[:,::1], int32, int32)')\n",
      "def forwards_algo_log_alpha(log_edge_pot, #'(t-1,t)', \n",
      "                  log_node_pot, # '(t, label)', \n",
      "                  T, \n",
      "                  nLabels): \n",
      "    log_alpha = np.empty((T, nLabels))\n",
      "    log_alpha[0,:] = log_node_pot[0,:]\n",
      "# don't need to preserve normalizing constant, except to produce log-likelihood\n",
      "#    log_kappa = np.empty((T))\n",
      "#    log_kappa[0] = lse_numba(log_alpha[0,:])\n",
      "#    log_alpha[0,:] -= log_kappa[0]\n",
      "    log_alpha[0,:] -= lse_numba(log_alpha[0,:])\n",
      "    for t in range(1,T):\n",
      "        log_alpha[t,:] = log_node_pot[t,:] + lse_numba_axis_1_tile(log_edge_pot.T, log_alpha[t-1,:])\n",
      "#        log_kappa[t] = lse_numba(log_alpha[t,:])\n",
      "#        log_alpha[t,:] -= log_kappa[t]\n",
      "        log_alpha[t,:] -= lse_numba(log_alpha[t,:])\n",
      "    return log_alpha\n",
      "\n",
      "@numba.jit('double[:,::1](double[:,::1], double[:,::1], int32, int32)')\n",
      "def forwards_backwards_algo_log_gamma(log_edge_pot, log_node_pot, T, nLabels):\n",
      "    log_alpha = forwards_algo_log_alpha(log_edge_pot, log_node_pot, T, nLabels)\n",
      "    log_beta = np.empty((T, nLabels))\n",
      "    \n",
      "    # set log_beta[T-1,:] to 0\n",
      "    # need loop cos the following won't work\n",
      "#    log_beta[T-1,:] = np.zeros((nLabels)) # numba cannot coerce\n",
      "    for c in range(nLabels):\n",
      "        log_beta[T-1,c] = 0\n",
      "# no need to preserve kappa\n",
      "#    log_kappa = np.empty((T))\n",
      "#    log_kappa[T-1] = lse_numba(log_beta[-1,:])\n",
      "    #log_beta[-1,:] -= log_kappa[-1] # not necessary cos already normalized\n",
      "    for t in range(1,T):\n",
      "#        log_beta[T-1-t,:] = lse_numba_axis_1_tile(log_edge_pot, log_node_pot[T-t,:] + log_beta[T-t,:]) # will crash if not using temp var\n",
      "        temp = log_node_pot[T-t,:] + log_beta[T-t,:]\n",
      "        log_beta[T-1-t,:] = lse_numba_axis_1_tile(log_edge_pot, temp)\n",
      "#        log_kappa[T-1-t] = lse_numba(log_beta[T-1-t,:])\n",
      "        log_beta[T-1-t,:] -= lse_numba(log_beta[T-1-t,:])\n",
      "    \n",
      "    result = log_alpha + log_beta\n",
      "    # perform the following (ie normalize result with axis=1=, but faster (cos removing np.tile python call):\n",
      "    #result -= np.tile(lse_numba_axis_1(result), (nLabels, 1)).T\n",
      "    temp = lse_numba_axis_1(result)\n",
      "    for c in range(nLabels):\n",
      "        result[:,c] -= temp\n",
      "    return result #return gamma MLAPP (17.52)\n",
      "\n",
      "if __name__ == \"__main__\":\n",
      "    nLabels = 5\n",
      "    T = 10\n",
      "    log_edge_pot = np.linspace(0,1,nLabels**2).reshape((nLabels, nLabels))\n",
      "    log_node_pot = np.linspace(0,1,T*nLabels).reshape((T,nLabels))\n",
      "    log_alpha = forwards_algo_log_alpha(log_edge_pot, log_node_pot, T, nLabels)\n",
      "    numpy.testing.assert_allclose(np.exp(log_alpha), np.asarray([[0.19192114498591317, 0.19587814324248543, 0.1999167262311812, 0.20403857605244238, 0.20824540948797787], [0.17597072294171517, 0.18724023363428538, 0.19923146592421478, 0.2119906402800139, 0.2255669372197709], [0.17597072294171512, 0.18724023363428535, 0.19923146592421476, 0.21199064028001394, 0.2255669372197708], [0.17597072294171512, 0.18724023363428532, 0.1992314659242147, 0.21199064028001388, 0.2255669372197708], [0.17597072294171512, 0.1872402336342853, 0.19923146592421478, 0.21199064028001394, 0.22556693721977084], [0.17597072294171515, 0.18724023363428532, 0.19923146592421473, 0.2119906402800139, 0.22556693721977078], [0.17597072294171517, 0.18724023363428535, 0.19923146592421478, 0.21199064028001394, 0.22556693721977086], [0.17597072294171517, 0.18724023363428535, 0.19923146592421478, 0.21199064028001394, 0.22556693721977086], [0.17597072294171517, 0.18724023363428535, 0.19923146592421478, 0.211990640280014, 0.22556693721977084], [0.17597072294171515, 0.18724023363428535, 0.19923146592421478, 0.21199064028001396, 0.22556693721977084]]))\n",
      "    log_gamma  = forwards_backwards_algo_log_gamma(log_edge_pot, log_node_pot, T, nLabels)\n",
      "    numpy.testing.assert_allclose(np.exp(log_gamma), np.asarray([[0.12019228330470735, 0.15108374985191603, 0.18991485011935327, 0.2387262053742242, 0.30008291134979903], [0.10836512880009895, 0.14201241885202187, 0.18610716686735188, 0.24389330059565587, 0.3196219848848714], [0.10836512880009894, 0.14201241885202187, 0.18610716686735188, 0.24389330059565598, 0.3196219848848713], [0.10836512880009896, 0.14201241885202187, 0.18610716686735185, 0.24389330059565598, 0.3196219848848714], [0.10836512880009894, 0.14201241885202184, 0.1861071668673519, 0.24389330059565592, 0.3196219848848713], [0.10836512880009896, 0.14201241885202193, 0.18610716686735193, 0.2438933005956559, 0.3196219848848713], [0.10836512880009895, 0.14201241885202184, 0.18610716686735188, 0.2438933005956559, 0.31962198488487137], [0.10836512880009895, 0.14201241885202187, 0.1861071668673519, 0.2438933005956559, 0.3196219848848714], [0.10836512880009895, 0.14201241885202187, 0.1861071668673519, 0.24389330059565592, 0.3196219848848713], [0.17597072294171515, 0.18724023363428535, 0.19923146592421478, 0.21199064028001396, 0.22556693721977084]]))\n",
      "    numpy.testing.assert_allclose(np.exp(log_gamma).sum(axis=1), np.ones((T,)))\n",
      "    %timeit forwards_backwards_algo_log_gamma(log_edge_pot, log_node_pot, T, nLabels)"
     ],
     "language": "python",
     "metadata": {},
     "outputs": [
      {
       "output_type": "stream",
       "stream": "stdout",
       "text": [
        "DONE =========================\n",
        "10000 loops, best of 3: 102 \u00b5s per loop"
       ]
      },
      {
       "output_type": "stream",
       "stream": "stdout",
       "text": [
        "\n"
       ]
      }
     ],
     "prompt_number": 16
    },
    {
     "cell_type": "code",
     "collapsed": false,
     "input": [
      "@numba.jit('double[:,::1](double[:,::1], double[:,::1], int32, int32)')\n",
      "def forwards_algo_log_Z(log_edge_pot, #'(t-1,t)', \n",
      "                  log_node_pot, # '(t, label)', \n",
      "                  T, \n",
      "                  nLabels): \n",
      "    log_alpha = np.empty((T, nLabels))\n",
      "    log_alpha[0,:] = log_node_pot[0,:]\n",
      "    log_kappa = np.empty((T))\n",
      "    log_kappa[0] = lse_numba(log_alpha[0,:])\n",
      "    log_alpha[0,:] -= log_kappa[0] # normalize alpha\n",
      "    for t in range(1,T):\n",
      "        log_alpha[t,:] = log_node_pot[t,:] + lse_numba_axis_1_tile(log_edge_pot.T, log_alpha[t-1,:])\n",
      "        log_kappa[t] = lse_numba(log_alpha[t,:])\n",
      "        log_alpha[t,:] -= log_kappa[t] # normalize alpha\n",
      "    result = 0\n",
      "    for i in range(T):\n",
